0 9 100000 75 344 100000 213 132 2425 93 100000
1 9 100000 1966 17 170 132 2425 999 14 100000
2 5 69 693 1771 191 100000
3 5 84 11 17 132 100000
4 6 84 11 17 132 191 100000
5 4 84 1771 191 100000
6 5 1123 11 17 132 100000
7 5 7463 11 17 132 100000
8 5 976 112 132 243 100000
9 6 976 112 11 17 132 100000
10 7 976 112 11 17 132 243 100000
11 10 6 1 6 1 525 283 11 17 132 100000
12 6 339 525 11 17 132 100000
13 8 6 525 1 193 11 17 132 100000
14 9 6 525 283 1 1667 11 17 132 100000
15 5 112 11 17 132 100000
16 6 693 112 11 17 132 100000
17 5 693 11 17 132 100000
18 7 693 11 17 132 1715 18 100000
19 6 693 503 11 17 132 100000
20 4 11 17 132 599
21 5 2972 11 17 132 100000
22 6 2972 11 17 132 4 100000
23 5 3315 11 17 132 100000
24 3 1771 3315 100000
25 5 61 11 17 132 100000
26 5 503 11 17 132 100000
27 5 38614 11 132 9 100000
28 5 8228 11 17 132 100000
29 5 978 11 17 132 100000
30 6 525 193 11 17 132 100000
31 5 525 11 17 132 100000
32 6 525 283 11 17 132 100000
33 7 525 283 1667 11 17 132 100000
34 6 525 201 11 17 132 100000
35 6 21977 61 11 17 132 100000
36 6 693 11 17 132 166 100000
37 8 6 525 201 11 1002 191 9 100000
38 8 61 26 4804 11 17 1771 126 100000
39 9 69 2000 693 11 17 132 166 9 100000
40 5 4590 11 1242 9 599
41 15 432 1 100000 747 595 7 3 27 747 11 17 132 166 9 100000
42 7 6 302 20 1 14213 166 100000
43 5 84 11 17 166 599
44 6 693 11 17 1002 16610 100000
45 6 4410 1308 11 1242 9 100000
46 7 100000 635 535 1135 1 3315 100000
47 10 573 26 69 52 1 5648 700 500 3 100000
48 10 53 100000 29 6 1 112 44 154 260 100000
49 7 12 9145 6 31 52 112 100000
50 7 209 2340 401 100000 1 2977 599
51 4 52 100000 29 100000
52 5 52 100000 29 6624 100000
53 5 52 100000 29 2798 100000
54 6 52 100000 29 2050 2798 100000
55 5 52 100000 29 2209 100000
56 5 52 100000 29 26694 100000
57 6 52 100000 254 22092 6916 100000
58 4 69 1063 166 100000
59 2 428 100000
60 6 693 11 17 191 1002 100000
61 6 11 1242 1 1214 9 100000
62 3 428 4213 100000
63 6 11 1242 1 24738 9 100000
64 3 1282 243 100000
65 8 6 525 283 193 11 17 132 100000
66 3 52 10508 100000
67 4 52 143 4627 100000
68 3 52 18761 100000
69 3 52 9932 100000
70 3 52 8304 100000
71 3 52 57797 100000
72 3 52 1132 100000
73 3 52 41885 100000
74 3 52 55022 100000
75 3 52 5267 100000
76 3 52 3315 100000
77 7 52 3315 4 69 319 9 100000
78 4 52 89526 527 100000
79 3 52 8228 100000
80 4 52 2351 3165 100000
81 3 52 30984 100000
82 3 52 173 100000
83 4 52 12699 63450 100000
84 3 52 5981 100000
85 3 52 8021 100000
86 3 52 27353 100000
87 3 52 6916 100000
88 3 52 5705 100000
89 3 52 65007 100000
90 7 69 119 11 1963 342 9 100000
91 4 69 75 12753 100000
92 8 69 4213 1838 447 1 4213 4 599
93 3 69 3092 100000
94 5 69 3092 12454 2592 100000
95 7 69 20256 64 11 10538 9 100000
96 6 69 9575 11 17 401 100000
97 5 69 712 47 67 100000
98 6 69 24554 4 1226 1 100000
99 3 69 3294 100000
100 4 69 3294 647 100000
101 6 69 3294 11 17 193 100000
102 4 69 3294 2987 100000
103 3 69 1264 100000
104 8 16062 21 7 6 31 52 639 100000
105 11 277 209 20 418 4 31 52 112 4 38 100000
106 7 132 1 2972 3 401 114 100000
107 7 20 56 6 31 52 7463 100000
108 6 20 6 31 52 112 100000
109 8 20 401 29 639 1 719 38 100000
110 5 940 52 69 3092 100000
111 6 109 401 100000 35 112 100000
112 6 109 401 100000 35 978 100000
113 5 295 12 2188 112 100000
114 5 19367 1264 47 67 100000
115 5 527 216 216 4816 100000
116 6 619 6 31 52 112 100000
117 7 100000 635 535 1135 1 5981 100000
118 8 93 325 3208 11103 10888 11 9 100000
119 10 242 1175 39 640 1 471 112 11 1130 100000
120 13 242 106 11449 4072 693 26 69 119 52 7 743 17 100000
121 3 1681 818 100000
122 4 1681 69 3092 100000
123 4 1681 7638 100000 100000
124 5 1681 41573 1 639 100000
125 3 1681 18125 100000
126 3 1681 43310 100000
127 3 1681 900 100000
128 3 1681 58389 100000
129 3 1681 10709 100000
130 3 1681 2972 100000
131 3 1681 2078 100000
132 3 1681 5267 100000
133 3 1681 2592 100000
134 3 1681 7234 100000
135 3 1681 978 100000
136 3 1681 2762 100000
137 3 1681 4627 100000
138 6 6 12 31 52 8228 100000
139 4 6 52 7463 100000
140 10 6 84 52 503 3 89 8 282 9 100000
141 11 6 84 52 1 100000 101 5981 17 70 44 100000
142 7 33 447 181 148 52 7635 100000
143 11 6 278 52 1 9575 3 100000 261 239 9 100000
144 5 6 115 52 19579 100000
145 5 6 115 52 10912 100000
146 6 6 115 52 69 3092 100000
147 7 6 115 52 329 1 639 100000
148 5 6 115 52 11099 100000
149 5 6 115 52 4554 100000
150 6 6 115 52 1778 2401 100000
151 5 6 115 52 100000 100000
152 6 6 115 52 14470 1132 100000
153 5 6 115 52 11366 100000
154 6 6 115 52 8889 4554 100000
155 5 6 115 52 18761 100000
156 5 6 115 52 3484 100000
157 6 6 115 52 535 10636 100000
158 6 6 115 52 976 112 100000
159 5 6 115 52 4703 100000
160 6 6 115 52 3435 1132 100000
161 5 6 115 52 112 100000
162 6 6 115 52 2540 1132 100000
163 5 6 115 52 6768 100000
164 5 6 115 52 911 100000
165 5 6 115 52 11362 100000
166 6 6 115 52 21922 1132 100000
167 7 6 115 52 5267 75 2798 100000
168 5 6 115 52 232 100000
169 5 6 115 52 8228 100000
170 5 6 115 52 8864 100000
171 5 6 115 52 36501 100000
172 7 6 115 52 1669 928 1308 100000
173 6 6 115 52 1892 232 100000
174 7 6 115 52 41608 527 40 100000
175 6 6 115 52 636 112 100000
176 6 6 115 52 636 232 100000
177 6 6 115 52 18805 4554 100000
178 6 6 115 52 13195 2162 100000
179 6 6 115 52 670 5455 100000
180 5 6 115 52 3552 100000
181 5 6 115 52 1308 100000
182 5 6 115 52 404 100000
183 5 6 115 52 10636 100000
184 5 6 115 527 24738 100000
185 5 6 115 527 636 100000
186 5 6 115 1135 10636 100000
187 6 6 271 52 1 112 100000
188 9 6 271 52 1 493 282 7 9 100000
189 5 339 525 11 17 100000
190 5 6 31 52 7185 100000
191 5 6 31 52 100000 100000
192 5 6 31 52 21539 100000
193 6 6 31 52 6418 8742 100000
194 5 6 31 52 1123 100000
195 5 6 31 52 16022 100000
196 5 6 31 52 4422 100000
197 7 6 31 52 1058 1222 100000 100000
198 6 6 31 52 2315 38423 100000
199 5 6 31 52 7463 100000
200 6 6 31 52 7463 40 100000
201 6 6 31 52 22092 6916 100000
202 6 6 31 52 25264 3710 100000
203 5 6 31 52 976 100000
204 5 6 31 52 821 100000
205 5 6 31 52 962 100000
206 5 6 31 52 112 100000
207 6 6 31 52 112 40 100000
208 14 6 31 52 112 6 136 6 136 20 184 6 516 39 100000
209 7 6 31 52 112 1035 7 100000
210 10 6 31 52 112 221 481 32 37 1036 100000
211 5 6 31 52 1576 100000
212 5 6 31 52 639 100000
213 6 6 31 52 815 1123 100000
214 5 6 31 52 897 100000
215 5 6 31 52 1637 100000
216 5 6 31 52 5283 100000
217 6 6 31 52 12454 2592 100000
218 5 6 31 52 560 100000
219 6 6 31 52 560 40 100000
220 5 6 31 52 3710 100000
221 5 6 31 52 2972 100000
222 5 6 31 52 3859 100000
223 5 6 31 52 11736 100000
224 5 6 31 52 13705 100000
225 5 6 31 52 648 100000
226 5 6 31 52 232 100000
227 5 6 31 52 503 100000
228 5 6 31 52 6821 100000
229 5 6 31 52 8763 100000
230 5 6 31 52 8228 100000
231 5 6 31 52 718 100000
232 5 6 31 52 4392 100000
233 5 6 31 52 215 100000
234 5 6 31 52 13270 100000
235 7 6 31 52 1669 1 1214 100000
236 5 6 31 52 493 100000
237 7 6 31 52 471 640 112 100000
238 5 6 31 52 9958 100000
239 5 6 31 52 636 100000
240 5 6 31 52 11850 100000
241 5 6 31 52 1667 100000
242 5 6 31 52 482 100000
243 5 6 31 52 1685 100000
244 5 6 31 52 11946 100000
245 6 6 31 52 98459 11449 100000
246 5 6 31 52 5705 100000
247 6 3852 6 31 52 503 100000
248 5 401 100000 442 818 100000
249 5 401 100000 35 112 100000
250 6 401 100000 35 112 38 100000
251 5 401 100000 35 3859 100000
252 5 401 100000 35 1239 100000
253 5 401 100000 35 978 100000
254 5 401 100000 35 15672 100000
255 5 401 100000 1743 2688 100000
256 5 401 100000 2329 2977 100000
257 3 401 65614 100000
258 6 89 6 31 52 112 100000
259 6 11 17 854 1 818 100000
260 6 11 17 1002 1 112 599
261 6 11 329 1 11946 9 599
262 4 11 73921 9 100000
263 6 11 37 11 100000 3028 100000
264 8 11 37 11 329 114 1 2972 100000
265 6 11 37 11 785 7511 100000
266 5 11 37 11 2798 100000
267 4 1700 75 11696 100000
268 3 173 47 100000
269 4 31 52 7463 100000
270 4 31 52 112 100000
271 5 31 52 7635 527 100000
272 4 71536 75 1715 100000
273 8 43 46 19367 6 31 52 560 599
274 3 163 90641 100000
275 3 163 946 100000
276 3 163 2798 100000
277 3 163 493 100000
278 3 1225 3710 100000
279 6 6 115 52 29 1264 100000
280 5 1681 100000 29 493 100000
281 5 222 100000 901 8228 100000
282 6 6 115 52 29 9495 100000
283 6 222 100000 2329 92941 53 100000
284 5 31 100000 1137 41608 100000
285 9 52 100000 254 100000 2423 1 22092 6916 100000
286 7 6 115 52 29 8304 2703 100000
287 5 52 100000 529 2933 100000
288 6 6 115 52 29 232 100000
289 7 6 31 52 100000 138 10558 100000
290 7 6 115 52 100000 901 5981 100000
291 7 6 64 574 100000 457 351 100000
292 4 52 901 560 100000
293 4 222 29 718 100000
294 6 52 100000 901 19849 21492 100000
295 8 6 115 52 29 7880 8304 2703 100000
296 5 52 100000 1372 2933 100000
297 4 222 228 636 100000
298 7 222 457 100000 514 1 503 100000
299 4 1681 114 11946 100000
300 4 52 114 2972 100000
301 7 6 31 52 100000 901 1208 100000
302 6 6 115 52 29 7147 100000
303 5 222 901 19849 21492 100000
304 5 52 100000 529 24485 100000
305 4 222 29 6698 100000
306 5 1135 114 98459 38 100000
307 5 52 100000 143 6037 100000
308 6 335 222 100000 901 8228 100000
309 4 52 228 636 100000
310 3 1225 38965 100000
311 5 6 31 1225 2798 100000
312 4 52 152 11756 100000
313 4 52 86 29 100000
314 4 52 86 254 100000
315 4 52 86 901 100000
316 6 2813 27317 5267 1002 1068 100000
317 6 69 693 11 166 9 100000
318 8 88 50 11 17 132 166 9 100000
319 8 148 6 1 41 44 1299 7 100000
320 3 4213 428 100000
321 5 47742 61 17 166 100000
322 6 242 138 8889 11099 54 100000
323 8 242 138 525 283 1 100000 54 100000
324 8 242 138 525 283 1 170 54 100000
325 9 242 138 525 283 1 5267 54 38 100000
326 8 242 138 525 201 1 5267 54 100000
327 5 51 44 113 7 100000
328 8 6 224 639 84 24 44 9 100000
329 9 6 84 52 1 170 17 70 239 100000
330 9 6 84 52 1 911 320 239 9 100000
331 9 6 84 52 1 9401 17 70 44 100000
332 10 6 84 52 1 503 89 24 44 9 100000
333 9 6 84 52 1 5981 17 70 44 100000
334 9 6 271 52 1 112 320 239 9 100000
335 10 6 271 52 1 112 84 24 44 9 100000
336 9 6 271 52 1 978 44 154 7 599
337 7 339 75 112 44 1299 7 100000
338 6 339 7463 44 1299 7 100000
339 6 339 112 44 1299 7 100000
340 12 339 112 44 1299 7 40 277 58 34 9165 40 100000
341 4 6 1 41 100000
342 8 6 1 41 84 24 44 9 100000
343 7 6 1 41 44 154 7 100000
344 7 6 1 41 44 1299 7 100000
345 7 6 1 41 44 113 7 599
346 4 21049 1002 1068 100000
347 6 693 69 11 17 166 100000
348 7 693 4590 11 17 132 166 100000
349 8 693 11 17 191 26 698 166 100000
350 6 693 11 17 1002 191 599
351 7 6 31 52 100000 901 2443 100000
352 7 6 115 52 100000 901 18761 100000
353 7 6 31 52 100000 901 8228 100000
354 5 52 100000 457 112 100000
355 4 222 529 8228 100000
356 7 6 31 52 100000 152 173 100000
357 3 198 41 100000
358 5 539 6 1 41 100000
359 4 1681 29 2776 100000
360 8 52 100000 254 23197 2423 22092 6916 100000
361 7 6 31 52 100000 901 636 100000
362 4 222 29 636 100000
363 5 52 100000 901 69041 100000
364 8 52 100000 254 23197 2423 1 6916 100000
365 7 6 31 52 100000 529 560 100000
366 6 392 100000 1137 41608 12511 100000
367 6 31 52 100000 901 38423 100000
368 5 52 100000 529 8228 100000
369 7 693 11 17 1002 1789 9 100000
370 5 3315 1002 7 9 599
371 5 693 1063 1282 166 100000
372 8 693 12966 22595 3 11 1002 9 100000
373 6 6212 5879 11 17 166 599
374 8 97370 69 12 698 114 166 9 100000
375 5 35402 84 1063 166 599
376 5 507 6 1 41 100000
